0 1 21.0 63.5
2 1 18.2 54.6
3 4 17.5 71.5
0 3 6.5 65.0
19 16 13.0 130.0
17 16 23.0 32.7
16 18 21.0 22.0
17 18 28.0 82.0
13 17 4.0 40.2
18 13 20.5 52.0
15 18 20.0 200.0
17 15 10.0 54.8 
13 15 28.0 89.3
4 1 27.0 72.0
10 4 2.0 20.0
10 7 6.0 32.8
1 7 28.0 54.9
5 1 29.0 54.8
3 6 26.0 65.9
3 8 24.0 54.9
3 5 21.0 43.9
5 9 8.0 98.9
8 9 13.0 76.9
9 12 1.0 1.0
9 15 18.0 8.0
12 15 1.0 67.0
6 12 12.0 24.0
6 8 2.0 4.0
12 8 14.0 6.0
6 7 23.0 32.0
7 11 1.0 87.0
6 13 9.0 1.0
11 12 24.0 6.9
13 12 3.0 65.9
11 13 8.0 9.0
10 14 2.0 11.0
14 13 21.0 54.0
11 19 7.0 32.9